0.1  0.000137861
0.101861  0.000141118
0.103757  0.000144426
0.105688  0.000147785
0.107655  0.000151273
0.109658  0.000154814
0.111699  0.00015841
0.113777  0.00016212
0.115895  0.000165906
0.118052  0.000169829
0.120249  0.000173732
0.122486  0.000177855
0.124766  0.000181959
0.127088  0.000186207
0.129453  0.000190519
0.131862  0.000194978
0.134316  0.000199503
0.136816  0.00020418
0.139362  0.000208926
0.141956  0.000213743
0.144597  0.000218716
0.147288  0.000223764
0.150029  0.000228971
0.152821  0.000234255
0.155665  0.000239703
0.158562  0.000245232
0.161513  0.000250821
0.164519  0.000256601
0.167581  0.000262553
0.1707  0.000268593
0.173876  0.000274809
0.177112  0.000281116
0.180408  0.000287603
0.183766  0.000294185
0.187186  0.000300953
0.190669  0.000307819
0.194217  0.000314875
0.197832  0.000322101
0.201514  0.000329454
0.205264  0.000336914
0.209084  0.000344665
0.212975  0.000352527
0.216938  0.000360594
0.220976  0.000368778
0.225088  0.000377171
0.229277  0.000385778
0.233544  0.000394508
0.23789  0.000403457
0.242317  0.000412628
0.246827  0.000422024
0.25142  0.000431553
0.256099  0.000441385
0.260865  0.000451283
0.26572  0.000461514
0.270665  0.000471986
0.275702  0.000482605
0.280833  0.000493446
0.28606  0.000504562
0.291383  0.000515932
0.296806  0.000527559
0.302329  0.000539423
0.307956  0.000551576
0.313687  0.000563898
0.319525  0.000576591
0.325471  0.00058956
0.331528  0.000602709
0.337698  0.000616241
0.343983  0.000629935
0.350384  0.000644046
0.356905  0.000658454
0.363547  0.000673136
0.370313  0.000688148
0.377204  0.000703443
0.384224  0.000719076
0.391375  0.000735026
0.398658  0.000751403
0.406077  0.000768106
0.413634  0.000785115
0.421332  0.000802486
0.429173  0.000820277
0.43716  0.00083844
0.445296  0.000856929
0.453583  0.000875907
0.462024  0.000895247
0.470622  0.000914926
0.479381  0.000935113
0.488302  0.000955759
0.49739  0.000976789
0.506646  0.000998234
0.516075  0.00102018
0.525679  0.00104262
0.535462  0.00106546
0.545427  0.00108871
0.555578  0.00111264
0.565917  0.00113698
0.576449  0.00116185
0.587177  0.00118726
0.598104  0.00121312
0.609235  0.00123958
0.620573  0.00126669
0.632122  0.00129427
0.643886  0.00132243
0.655868  0.00135119
0.668074  0.00138056
0.680507  0.00141053
0.693172  0.00144113
0.706072  0.00147235
0.719212  0.0015042
0.732596  0.00153682
0.74623  0.00157006
0.760118  0.00160402
0.774264  0.00163859
0.788673  0.00167399
0.80335  0.00171008
0.818301  0.00174695
0.833529  0.00178457
0.849042  0.00182299
0.864842  0.00186229
0.880937  0.00190229
0.897331  0.00194305
0.914031  0.00198483
0.931041  0.00202733
0.948368  0.00207079
0.966017  0.00211513
0.983995  0.00216039
1.00231  0.00220659
1.02096  0.00225374
1.03996  0.00230182
1.05932  0.00235103
1.07903  0.00240107
1.09911  0.00245227
1.11956  0.0025046
1.1404  0.0025578
1.16162  0.00261229
1.18324  0.00266771
1.20526  0.00272445
1.22769  0.00278227
1.25054  0.00284131
1.27381  0.00290143
1.29752  0.00296294
1.32166  0.00302574
1.34626  0.00308968
1.37132  0.00315504
1.39684  0.00322172
1.42283  0.00328973
1.44931  0.0033592
1.47628  0.00343007
1.50375  0.00350229
1.53174  0.00357605
1.56025  0.00365137
1.58928  0.00372823
1.61886  0.00380659
1.64899  0.00388666
1.67968  0.00396823
1.71093  0.00405159
1.74277  0.00413663
1.77521  0.00422334
1.80825  0.00431193
1.8419  0.0044022
1.87617  0.0044944
1.91109  0.00458849
1.94666  0.00468442
1.98288  0.00478227
2.01979  0.00488227
2.05737  0.00498427
2.09566  0.00508831
2.13466  0.00519439
2.17439  0.00530274
2.21486  0.00541329
2.25607  0.00552603
2.29806  0.00564102
2.34083  0.00575853
2.38439  0.00587826
2.42876  0.00600053
2.47396  0.00612521
2.52  0.00625246
2.5669  0.0063824
2.61467  0.00651481
2.66333  0.00664996
2.7129  0.00678793
2.76338  0.00692871
2.81481  0.00707225
2.8672  0.00721874
2.92055  0.00736827
2.97491  0.00752087
3.03027  0.00767654
3.08666  0.00783533
3.14411  0.00799728
3.20262  0.00816274
3.26222  0.00833145
3.32293  0.00850358
3.38477  0.00867918
3.44776  0.0088583
3.51193  0.00904127
3.57728  0.00922771
3.64386  0.00941813
3.71167  0.00961237
3.78075  0.00981065
3.85111  0.0100129
3.92278  0.0102191
3.99578  0.0104297
4.07014  0.0106446
4.14589  0.0108639
4.22304  0.0110875
4.30164  0.0113158
4.38169  0.0115486
4.46323  0.0117863
4.54629  0.012029
4.6309  0.0122764
4.71708  0.0125288
4.80487  0.0127864
4.89429  0.0130494
4.98537  0.0133178
5.07815  0.0135916
5.17266  0.0138709
5.26892  0.014156
5.36698  0.0144469
5.46686  0.0147438
5.5686  0.0150468
5.67223  0.015356
5.77779  0.0156715
5.88532  0.0159935
5.99484  0.0163219
6.10641  0.0166574
6.22005  0.0169996
6.3358  0.0173488
6.45371  0.0177051
6.57382  0.0180689
6.69616  0.0184402
6.82078  0.0188189
6.94771  0.0192057
7.07701  0.0196003
7.20871  0.0200031
7.34287  0.0204142
7.47952  0.0208337
7.61872  0.0212619
7.7605  0.0216991
7.90493  0.0221452
8.05204  0.0226004
8.20189  0.0230653
8.35453  0.0235397
8.51001  0.0240239
8.66838  0.0245182
8.8297  0.0250227
8.99402  0.0255377
9.1614  0.0260635
9.3319  0.0266001
9.50557  0.027148
9.68247  0.0277073
9.86266  0.0282782
10.0462  0.0288611
10.2332  0.029456
10.4236  0.0300634
10.6176  0.0306836
10.8152  0.0313166
11.0165  0.0319631
11.2215  0.0326229
11.4303  0.0332968
11.643  0.0339845
11.8597  0.034687
12.0804  0.035404
12.3052  0.0361362
12.5342  0.036884
12.7675  0.0376472
13.0051  0.0384267
13.2471  0.0392227
13.4937  0.0400354
13.7448  0.0408653
14.0006  0.0417129
14.2611  0.0425782
14.5265  0.0434621
14.7969  0.0443646
15.0723  0.0452863
15.3528  0.0462275
15.6385  0.0471888
15.9295  0.0481704
16.226  0.049173
16.5279  0.050197
16.8355  0.0512427
17.1488  0.0523108
17.468  0.0534018
17.793  0.0545161
18.1242  0.0556541
18.4615  0.0568165
18.805  0.0580037
19.155  0.0592164
19.5115  0.0604552
19.8746  0.0617203
20.2445  0.0630127
20.6212  0.0643329
21.005  0.0656814
21.3959  0.0670588
21.7941  0.0684659
22.1997  0.0699031
22.6128  0.0713714
23.0336  0.0728711
23.4623  0.0744033
23.8989  0.0759682
24.3437  0.0775669
24.7967  0.0792001
25.2582  0.0808683
25.7283  0.0825727
26.2071  0.0843136
26.6948  0.0860921
27.1916  0.0879087
27.6976  0.0897643
28.2131  0.0916601
28.7381  0.0935965
29.273  0.0955745
29.8177  0.097595
30.3726  0.0996588
30.9379  0.101767
31.5136  0.10392
32.1001  0.10612
32.6975  0.108366
33.306  0.110661
33.9258  0.113004
34.5572  0.115397
35.2003  0.117842
35.8554  0.120338
36.5227  0.122887
37.2024  0.12549
37.8947  0.128148
38.5999  0.130862
39.3183  0.133634
40.05  0.136463
40.7953  0.139352
41.5545  0.142301
42.3279  0.145311
43.1156  0.148384
43.918  0.151521
44.7353  0.154722
45.5678  0.157989
46.4159  0.161323
47.2797  0.164725
48.1596  0.168196
49.0558  0.171737
49.9688  0.175349
50.8987  0.179034
51.8459  0.182792
52.8108  0.186624
53.7936  0.190533
54.7947  0.194517
55.8145  0.198579
56.8532  0.20272
57.9112  0.206941
58.989  0.211241
60.0868  0.215624
61.205  0.220088
62.344  0.224636
63.5042  0.229268
64.6861  0.233985
65.8899  0.238788
67.1161  0.243677
68.3652  0.248653
69.6374  0.253716
70.9334  0.258868
72.2535  0.264109
73.5981  0.269439
74.9678  0.274858
76.363  0.280368
77.7841  0.285968
79.2317  0.291658
80.7062  0.297439
82.2082  0.303311
83.7381  0.309273
85.2964  0.315326
86.8838  0.321469
88.5007  0.327703
90.1477  0.334025
91.8254  0.340437
93.5343  0.346938
95.275  0.353526
97.0481  0.360202
98.8541  0.366963
100.694  0.37381
102.568  0.38074
104.477  0.387753
106.421  0.394847
108.401  0.40202
110.419  0.409272
112.474  0.416599
114.567  0.424001
116.699  0.431475
118.871  0.439018
121.083  0.446629
123.336  0.454305
125.632  0.462043
127.97  0.469841
130.351  0.477695
132.777  0.485602
135.248  0.49356
137.765  0.501564
140.329  0.509611
142.94  0.517697
145.601  0.525819
148.31  0.533973
151.07  0.542154
153.882  0.550358
156.745  0.55858
159.663  0.566817
162.634  0.575063
165.661  0.583313
168.744  0.591564
171.884  0.599808
175.083  0.608042
178.341  0.616259
181.66  0.624455
185.041  0.632624
188.484  0.640761
191.992  0.648858
195.565  0.656912
199.204  0.664915
202.912  0.672862
206.688  0.680747
210.535  0.688564
214.453  0.696306
218.444  0.703967
222.509  0.711542
226.65  0.719023
230.868  0.726405
235.164  0.733681
239.541  0.740845
243.999  0.747891
248.539  0.754812
253.165  0.761603
257.876  0.768256
262.675  0.774767
267.564  0.781128
272.543  0.787334
277.615  0.793379
282.782  0.799258
288.044  0.804963
293.405  0.81049
298.865  0.815834
304.427  0.820988
310.093  0.825948
315.864  0.830708
321.742  0.835264
327.729  0.83961
333.829  0.843742
340.041  0.847657
346.369  0.851348
352.815  0.854813
359.381  0.858047
366.07  0.861047
372.882  0.863809
379.822  0.866331
386.89  0.868608
394.09  0.870639
401.424  0.872421
408.895  0.873952
416.504  0.875229
424.256  0.876251
432.151  0.877016
440.193  0.877523
448.386  0.877772
456.73  0.87776
465.23  0.877488
473.888  0.876957
482.707  0.876164
491.69  0.875112
500.841  0.8738
510.161  0.87223
519.656  0.870403
529.327  0.868318
539.177  0.86598
549.212  0.863389
559.432  0.860548
569.844  0.857459
580.448  0.854123
591.251  0.850545
602.254  0.846729
613.462  0.842674
624.879  0.838388
636.508  0.833872
648.353  0.829131
660.419  0.82417
672.71  0.818991
685.229  0.813601
697.981  0.808004
710.971  0.802204
724.202  0.796207
737.679  0.790016
751.408  0.78364
765.392  0.777082
779.636  0.770347
794.145  0.763443
808.924  0.756373
823.979  0.749146
839.313  0.741767
854.933  0.734241
870.843  0.726575
887.05  0.718775
903.558  0.710848
920.373  0.702799
937.501  0.694635
954.949  0.686361
972.72  0.677985
990.823  0.669514
1009.26  0.660953
1028.05  0.65231
1047.18  0.643591
1066.66  0.634804
1086.52  0.625954
1106.74  0.617048
1127.33  0.608093
1148.31  0.599094
1169.68  0.590058
1191.45  0.58099
1213.62  0.571896
1236.21  0.562783
1259.21  0.553655
1282.65  0.544519
1306.52  0.53538
1330.83  0.526245
1355.6  0.517118
1380.83  0.508004
1406.53  0.498909
1432.7  0.489839
1459.37  0.480798
1486.53  0.471792
1514.19  0.462825
1542.37  0.453902
1571.07  0.445027
1600.31  0.436203
1630.09  0.427436
1660.43  0.418728
1691.33  0.410083
1722.81  0.401506
1754.87  0.393001
1787.53  0.384572
1820.79  0.376222
1854.68  0.367954
1889.19  0.359771
1924.35  0.351676
1960.16  0.343672
1996.64  0.335759
2033.8  0.327941
2071.65  0.32022
2110.2  0.312597
2149.47  0.305075
2189.48  0.297657
2230.22  0.290344
2271.73  0.283139
2314  0.276044
2357.07  0.269059
2400.93  0.262184
2445.61  0.255419
2491.13  0.248765
2537.49  0.24222
2584.71  0.235786
2632.81  0.229465
2681.81  0.223256
2731.72  0.217161
2782.56  0.211181
2834.34  0.205315
2887.09  0.199565
2940.82  0.19393
2995.55  0.18841
3051.3  0.183005
3108.08  0.177713
3165.92  0.172532
3224.84  0.167463
3284.86  0.162501
3345.99  0.157649
3408.26  0.152904
3471.69  0.148268
3536.3  0.143739
3602.11  0.139316
3669.14  0.134999
3737.43  0.130787
3806.98  0.12668
3877.83  0.122676
3950  0.118772
4023.51  0.114968
4098.39  0.111261
4174.66  0.10765
4252.35  0.104133
4331.48  0.10071
4412.09  0.0973793
4494.2  0.0941402
4577.84  0.0909907
4663.04  0.0879283
4749.81  0.0849513
4838.21  0.082058
4928.25  0.0792463
5019.97  0.0765137
5113.39  0.0738586
5208.55  0.0712804
5305.48  0.0687791
5404.22  0.0663536
5504.79  0.0640034
5607.23  0.0617276
5711.59  0.0595238
5817.88  0.0573878
5926.15  0.0553161
6036.44  0.0533076
6148.78  0.0513624
6263.21  0.0494786
6379.77  0.0476542
6498.49  0.0458886
6619.43  0.0441814
6742.62  0.0425313
6868.1  0.0409364
6995.92  0.0393943
7126.11  0.0379039
7258.73  0.0364648
7393.82  0.0350754
7531.42  0.0337331
7671.58  0.0324363
7814.35  0.0311841
7959.78  0.0299753
8107.91  0.0288081
8258.8  0.0276807
8412.5  0.0265926
8569.05  0.0255449
8728.52  0.0245366
8890.96  0.0235654
9056.43  0.0226284
9224.97  0.0217238
9396.65  0.0208517
9571.52  0.0200126
9749.65  0.0192056
9931.09  0.0184286
10115.9  0.0176799
10304.2  0.0169592
10495.9  0.0162659
10691.3  0.0155992
10890.2  0.014958
11092.9  0.0143415
11299.3  0.013748
11509.6  0.0131768
11723.8  0.012627
11942  0.0120977
12164.2  0.0115895
12390.6  0.0111038
12621.2  0.0106387
12856.1  0.0101914
13095.3  0.00976079
13339  0.009347
13587.3  0.00894945
13840.1  0.00856758
14097.7  0.0082007
14360.1  0.00784888
14627.3  0.00751153
14899.5  0.00718741
15176.8  0.00687676
15459.3  0.00657987
15747  0.00629554
16040  0.00602229
16338.5  0.00575982
16642.6  0.00550873
16952.3  0.0052682
17267.8  0.00503722
17589.2  0.00481601
17916.5  0.00460392
18249.9  0.00440032
18589.5  0.00420545
18935.5  0.00401938
19287.9  0.00384153
19646.8  0.00367116
20012.5  0.00350776
20384.9  0.00335107
20764.3  0.00320118
21150.7  0.00305797
21544.4  0.00292072
21945.3  0.00278938
22353.7  0.00266398
22769.7  0.0025441
23193.5  0.00242982
23625.1  0.00232061
24064.8  0.0022157
24512.6  0.0021151
24968.8  0.00201868
25433.5  0.00192652
25906.8  0.00183866
26388.9  0.00175501
26880  0.00167533
27380.3  0.00159875
27889.8  0.00152544
28408.8  0.00145551
28937.5  0.00138851
29476.1  0.00132462
30024.6  0.00126369
30583.4  0.00120522
31152.5  0.00114954
31732.3  0.00109653
32322.8  0.00104579
32924.4  0.000997581
33537.1  0.000951379
34161.2  0.000906998
34797  0.000865028
35444.6  0.000824904
36104.2  0.000786363
36776.1  0.000749852
37460.5  0.000714873
38157.7  0.000681261
38867.8  0.000649346
39591.1  0.000619009
40327.9  0.000590077
41078.4  0.000562447
41842.9  0.000536031
42621.6  0.000510814
43414.8  0.000486878
44222.7  0.000464001
45045.7  0.000442005
45884  0.000421135
46737.9  0.000401322
47607.8  0.000382368
48493.7  0.000364351
49396.2  0.000347125
50315.5  0.000330679
51251.9  0.000314991
52205.7  0.000299981
53177.2  0.000285687
54166.9  0.000272134
55174.9  0.000259335
56201.7  0.000247099
57247.7  0.000235215
58313  0.000223986
59398.2  0.000213406
60503.7  0.00020322
61629.7  0.000193514
62776.6  0.000184241
63944.9  0.000175469
65134.9  0.000167076
66347.1  0.000159021
67581.8  0.000151472
68839.5  0.000144223
70120.6  0.000137291
71425.6  0.000130763
72754.8  0.000124474
74108.8  0.000118465
75488  0.000112813
76892.8  0.000107403
78323.8  0.000102227
79781.4  9.72352e-05
81266.2  9.25712e-05
82778.5  8.81674e-05
84319.1  8.38986e-05
85888.2  7.98677e-05
87486.6  7.60194e-05
89114.8  7.23698e-05
90773.2  6.88666e-05
92462.5  6.55196e-05
94183.3  6.23591e-05
95936  5.93663e-05
97721.4  5.65042e-05
99540  5.37692e-05
101392  5.1171e-05
103279  4.86857e-05
105202  4.63251e-05
107159  4.40783e-05
109154  4.19046e-05
111185  3.98988e-05
113254  3.79858e-05
115362  3.61301e-05
117509  3.44069e-05
119696  3.27031e-05
121923  3.11253e-05
124192  2.96227e-05
126503  2.81588e-05
128858  2.68056e-05
131256  2.55018e-05
133698  2.42606e-05
136186  2.30761e-05
138721  2.196e-05
141303  2.08924e-05
143932  1.98775e-05
146611  1.89037e-05
149339  1.79902e-05
152119  1.71093e-05
154950  1.62747e-05
157833  1.54879e-05
160770  1.47133e-05
163762  1.40069e-05
166810  1.33252e-05
169914  1.26763e-05
173077  1.20551e-05
176298  1.14656e-05
179578  1.09072e-05
182920  1.03787e-05
186325  9.86752e-06
189792  9.381e-06
193324  8.92901e-06
196922  8.49054e-06
200587  8.07896e-06
204320  7.68227e-06
208122  7.30775e-06
211995  6.94712e-06
215941  6.60808e-06
219959  6.2796e-06
224053  5.97356e-06
228222  5.68869e-06
232470  5.40576e-06
236796  5.1405e-06
241203  4.8897e-06
245692  4.65112e-06
250264  4.42162e-06
254922  4.20459e-06
259666  3.99986e-06
264498  3.79976e-06
269420  3.61663e-06
274434  3.43775e-06
279542  3.26911e-06
284744  3.11015e-06
290043  2.95674e-06
295441  2.81285e-06
300939  2.67421e-06
306540  2.5441e-06
312244  2.41798e-06
318055  2.30002e-06
323974  2.18553e-06
330003  2.07891e-06
336145  1.97779e-06
342401  1.87964e-06
348773  1.78772e-06
355263  1.69963e-06
361875  1.61584e-06
368609  1.53702e-06
375469  1.46019e-06
382457  1.3891e-06
389574  1.32184e-06
396824  1.25606e-06
404210  1.19463e-06
411732  1.13586e-06
419394  1.07999e-06
427199  1.02662e-06
435150  9.75609e-07
443248  9.28302e-07
451497  8.81672e-07
459899  8.39583e-07
468458  7.98292e-07
477176  7.58472e-07
486056  7.21739e-07
495102  6.85889e-07
504316  6.52494e-07
513701  6.19461e-07
523261  5.89254e-07
532999  5.60305e-07
542918  5.32738e-07
553022  5.0656e-07
563314  4.81488e-07
573797  4.58049e-07
584476  4.3505e-07
595353  4.1405e-07
606433  3.93382e-07
617718  3.74257e-07
629214  3.55841e-07
640924  3.3797e-07
652852  3.21479e-07
665001  3.05518e-07
677377  2.90727e-07
689983  2.76188e-07
702824  2.62711e-07
715904  2.49699e-07
729227  2.37447e-07
742798  2.25681e-07
756621  2.14521e-07
770702  2.0389e-07
785045  1.9388e-07
799655  1.84419e-07
814537  1.75316e-07
829695  1.66689e-07
845136  1.58464e-07
860864  1.50546e-07
876885  1.43061e-07
893204  1.36145e-07
909827  1.29301e-07
926759  1.2319e-07
944007  1.16907e-07
961575  1.11224e-07
979470  1.05716e-07
997698  1.00513e-07
1.01626e+06  9.55393e-08
1.03518e+06  9.07525e-08
1.05444e+06  8.63712e-08
1.07407e+06  8.20346e-08
1.09406e+06  7.79937e-08
1.11442e+06  7.4202e-08
1.13516e+06  7.04969e-08
1.15628e+06  6.70176e-08
1.1778e+06  6.37291e-08
1.19972e+06  6.05606e-08
1.22204e+06  5.76224e-08
1.24479e+06  5.47157e-08
1.26795e+06  5.20932e-08
1.29155e+06  4.94134e-08
1.31559e+06  4.70529e-08
1.34007e+06  4.4688e-08
1.36501e+06  4.25529e-08
1.39041e+06  4.03986e-08
1.41629e+06  3.84191e-08
1.44264e+06  3.64993e-08
1.46949e+06  3.47313e-08
1.49684e+06  3.29804e-08
1.5247e+06  3.13876e-08
1.55307e+06  2.97932e-08
1.58197e+06  2.83809e-08
1.61141e+06  2.69224e-08
1.6414e+06  2.56484e-08
1.67195e+06  2.43434e-08
1.70306e+06  2.31512e-08
1.73476e+06  2.20091e-08
1.76704e+06  2.09045e-08
1.79993e+06  1.9886e-08
1.83342e+06  1.89085e-08
1.86755e+06  1.79768e-08
1.9023e+06  1.70802e-08
1.9377e+06  1.62424e-08
1.97376e+06  1.54499e-08
2.0105e+06  1.46775e-08
2.04791e+06  1.39535e-08
2.08602e+06  1.32559e-08
2.12484e+06  1.26128e-08
2.16439e+06  1.19797e-08
2.20467e+06  1.13983e-08
2.2457e+06  1.08234e-08
2.28749e+06  1.03035e-08
2.33006e+06  9.77515e-09
2.37342e+06  9.31444e-09
2.41759e+06  8.83321e-09
2.46258e+06  8.41191e-09
2.50841e+06  7.9915e-09
2.5551e+06  7.59959e-09
2.60265e+06  7.21938e-09
2.65108e+06  6.8627e-09
2.70042e+06  6.53038e-09
2.75068e+06  6.19943e-09
2.80187e+06  5.9029e-09
2.85401e+06  5.60061e-09
2.90712e+06  5.33515e-09
2.96122e+06  5.05877e-09
3.01633e+06  4.82143e-09
3.07247e+06  4.57142e-09
3.12965e+06  4.35337e-09
3.18789e+06  4.13201e-09
3.24722e+06  3.93318e-09
3.30765e+06  3.73759e-09
3.3692e+06  3.55406e-09
3.43191e+06  3.37699e-09
3.49577e+06  3.20838e-09
3.56083e+06  3.05324e-09
3.6271e+06  2.89841e-09
3.6946e+06  2.7612e-09
3.76336e+06  2.62055e-09
3.83339e+06  2.49253e-09
3.90473e+06  2.36867e-09
3.9774e+06  2.25301e-09
4.05142e+06  2.13951e-09
4.12682e+06  2.03488e-09
4.20362e+06  1.93307e-09
4.28185e+06  1.83934e-09
4.36154e+06  1.74609e-09
4.4427e+06  1.66206e-09
4.52538e+06  1.5779e-09
4.6096e+06  1.50233e-09
4.69539e+06  1.42524e-09
4.78277e+06  1.35741e-09
4.87178e+06  1.28835e-09
4.96244e+06  1.22663e-09
5.05479e+06  1.16468e-09
5.14886e+06  1.10806e-09
5.24468e+06  1.05185e-09
5.34229e+06  1.00148e-09
5.44171e+06  9.51052e-10
5.54298e+06  9.04402e-10
5.64614e+06  8.5991e-10
5.75121e+06  8.16729e-10
5.85824e+06  7.76605e-10
5.96727e+06  7.38321e-10
6.07832e+06  7.01667e-10
6.19144e+06  6.66859e-10
6.30667e+06  6.34244e-10
6.42404e+06  6.02891e-10
6.54359e+06  5.73148e-10
6.66536e+06  5.44842e-10
6.78941e+06  5.1752e-10
6.91576e+06  4.9258e-10
7.04446e+06  4.6702e-10
7.17556e+06  4.45438e-10
7.3091e+06  4.21754e-10
7.44512e+06  4.02815e-10
7.58368e+06  3.81109e-10
7.72481e+06  3.64115e-10
7.86857e+06  3.44401e-10
8.01501e+06  3.2917e-10
8.16417e+06  3.10904e-10
8.3161e+06  2.97659e-10
8.47087e+06  2.80598e-10
8.62851e+06  2.69018e-10
8.78909e+06  2.53244e-10
8.95266e+06  2.43456e-10
9.11927e+06  2.28632e-10
9.28898e+06  2.20126e-10
9.46185e+06  2.0642e-10
9.63794e+06  1.99052e-10
9.8173e+06  1.86386e-10
1e+07  1.80108e-10
