1  0.0020001  0.00097317  2.1627e-06  1.1833e-06  4.4326e-06  1.5717e-05  3.9252e-06  1.5092e-05  2.6551e-07  2.225e-06  4.5776e-07  3.0012e-06  4.7206e-07  2.1371e-06  7.216e-08  3.6643e-07  6.882e-08  1.6491e-07  1.2122e-07  3.1293e-07  7.1834e-08  2.6127e-07  1.279e-07  2.4342e-07  1.5541e-07  1.5957e-06  1.089e-08  7.5279e-08
1.1498  0.0023247  0.0011285  2.5062e-06  1.3713e-06  5.1385e-06  1.8224e-05  4.5514e-06  1.75e-05  3.0777e-07  2.5799e-06  5.3073e-07  3.4799e-06  5.4726e-07  2.4781e-06  8.3642e-08  4.2483e-07  7.9761e-08  1.9111e-07  1.4051e-07  3.6279e-07  8.3256e-08  3.0284e-07  1.4825e-07  2.8216e-07  1.8016e-07  1.8499e-06  1.2624e-08  8.7276e-08
1.3219  0.0027007  0.0013082  2.9033e-06  1.5886e-06  5.9552e-06  2.1126e-05  5.2759e-06  2.0286e-05  3.5665e-07  2.9906e-06  6.1515e-07  4.0338e-06  6.3426e-07  2.8726e-06  9.692e-08  4.9238e-07  9.241e-08  2.2141e-07  1.6281e-07  4.2045e-07  9.6465e-08  3.5092e-07  1.7178e-07  3.2697e-07  2.0879e-07  2.144e-06  1.463e-08  1.0116e-07
1.5199  0.0031363  0.0015162  3.3626e-06  1.8399e-06  6.9e-06  2.4483e-05  6.1141e-06  2.351e-05  4.1319e-07  3.4658e-06  7.1283e-07  4.6747e-06  7.3491e-07  3.3292e-06  1.1228e-07  5.7053e-07  1.0704e-07  2.5644e-07  1.8859e-07  4.8715e-07  1.1174e-07  4.0654e-07  1.9901e-07  3.7881e-07  2.4192e-07  2.4843e-06  1.6952e-08  1.1722e-07
1.7475  0.0036407  0.001757  3.8938e-06  2.1304e-06  7.9931e-06  2.8369e-05  7.0842e-06  2.7241e-05  4.7858e-07  4.0157e-06  8.2587e-07  5.4164e-06  8.5136e-07  3.8575e-06  1.3003e-07  6.6093e-07  1.2394e-07  2.9695e-07  2.1841e-07  5.643e-07  1.294e-07  4.7088e-07  2.3051e-07  4.3878e-07  2.8026e-07  2.8781e-06  1.9638e-08  1.358e-07
2.0092  0.004225  0.0020356  4.5081e-06  2.4664e-06  9.2582e-06  3.2866e-05  8.2067e-06  3.1558e-05  5.5423e-07  4.6521e-06  9.5669e-07  6.2749e-06  9.8609e-07  4.4689e-06  1.5057e-07  7.6551e-07  1.435e-07  3.438e-07  2.5289e-07  6.5354e-07  1.4983e-07  5.4532e-07  2.6695e-07  5.0816e-07  3.2462e-07  3.3338e-06  2.2746e-08  1.573e-07
2.3101  0.0049016  0.0023582  5.2186e-06  2.855e-06  1.0722e-05  3.8071e-05  9.5061e-06  3.6556e-05  6.4175e-07  5.3888e-06  1.1081e-06  7.2685e-06  1.142e-06  5.1767e-06  1.7433e-07  8.8652e-07  1.661e-07  3.9798e-07  2.9276e-07  7.5679e-07  1.7346e-07  6.3145e-07  3.0912e-07  5.8844e-07  3.7597e-07  3.8613e-06  2.6345e-08  1.822e-07
2.6561  0.0056853  0.0027318  6.0406e-06  3.3045e-06  1.2417e-05  4.4098e-05  1.101e-05  4.2343e-05  7.4303e-07  6.2418e-06  1.2835e-06  8.419e-06  1.3225e-06  5.9962e-06  2.018e-07  1.0266e-06  1.9224e-07  4.6066e-07  3.3888e-07  8.7625e-07  2.0079e-07  7.3112e-07  3.5792e-07  6.8137e-07  4.3543e-07  4.472e-06  3.0511e-08  2.1101e-07
3.0539  0.0065931  0.0031646  6.9918e-06  3.8245e-06  1.438e-05  5.1079e-05  1.2753e-05  4.9045e-05  8.6025e-07  7.2298e-06  1.4865e-06  9.7515e-06  1.5314e-06  6.9454e-06  2.336e-07  1.1887e-06  2.2248e-07  5.3317e-07  3.9223e-07  1.0145e-06  2.3242e-07  8.4651e-07  4.1443e-07  7.8894e-07  5.0428e-07  5.1793e-06  3.5335e-08  2.4439e-07
3.5112  0.007645  0.0036661  8.0928e-06  4.4263e-06  1.6654e-05  5.9166e-05  1.4771e-05  5.6809e-05  9.9596e-07  8.3743e-06  1.7218e-06  1.1295e-05  1.7734e-06  8.045e-06  2.7039e-07  1.3764e-06  2.5746e-07  6.1709e-07  4.5396e-07  1.1746e-06  2.6902e-07  9.8012e-07  4.7986e-07  9.1351e-07  5.8406e-07  5.9987e-06  4.0925e-08  2.8305e-07
4.037  0.008864  0.0042474  9.3675e-06  5.1229e-06  1.9288e-05  6.854e-05  1.711e-05  6.5808e-05  1.1531e-06  9.7009e-06  1.9944e-06  1.3085e-05  2.0538e-06  9.3195e-06  3.1299e-07  1.5937e-06  2.9793e-07  7.1423e-07  5.2541e-07  1.3599e-06  3.1139e-07  1.1349e-06  5.5567e-07  1.0578e-06  6.7652e-07  6.9484e-06  4.7403e-08  3.2785e-07
4.6416  0.010277  0.0049217  1.0844e-05  5.9295e-06  2.2343e-05  7.9409e-05  1.9821e-05  7.6242e-05  1.3352e-06  1.1239e-05  2.3106e-06  1.5159e-05  2.3787e-06  1.0797e-05  3.6231e-07  1.8456e-06  3.4478e-07  8.2672e-07  6.0812e-07  1.5746e-06  3.6046e-07  1.3142e-06  6.4352e-07  1.2251e-06  7.8373e-07  8.0495e-06  5.4914e-08  3.798e-07
5.3367  0.011916  0.0057041  1.2555e-05  6.8638e-06  2.5885e-05  9.2018e-05  2.2966e-05  8.8346e-05  1.5463e-06  1.3024e-05  2.6773e-06  1.7566e-05  2.7555e-06  1.2512e-05  4.1945e-07  2.1376e-06  3.9902e-07  9.5703e-07  7.0391e-07  1.8234e-06  4.1731e-07  1.5222e-06  7.4539e-07  1.419e-06  9.0811e-07  9.3269e-06  6.3628e-08  4.4006e-07
6.1359  0.013818  0.0066125  1.4538e-05  7.9465e-06  2.9996e-05  0.00010665  2.6617e-05  0.0001024  1.791e-06  1.5095e-05  3.1031e-06  2.036e-05  3.1926e-06  1.4502e-05  4.8566e-07  2.4762e-06  4.6184e-07  1.108e-06  8.1489e-07  2.1119e-06  4.8319e-07  1.7633e-06  8.6356e-07  1.6439e-06  1.0525e-06  1.081e-05  7.3742e-08  5.1e-07
7.0548  0.016027  0.0076679  1.6837e-05  9.2016e-06  3.477e-05  0.00012365  3.0856e-05  0.00011871  2.0749e-06  1.7501e-05  3.5975e-06  2.3605e-05  3.6999e-06  1.6813e-05  5.6243e-07  2.8691e-06  5.3463e-07  1.2831e-06  9.4352e-07  2.4464e-06  5.5957e-07  2.0431e-06  1.0007e-06  1.905e-06  1.2201e-06  1.2531e-05  8.5487e-08  5.9121e-07
8.1113  0.018592  0.0088947  1.9505e-05  1.0657e-05  4.0315e-05  0.00014341  3.578e-05  0.00013767  2.4044e-06  2.0296e-05  4.172e-06  2.7375e-05  4.2891e-06  1.9499e-05  6.5148e-07  3.3252e-06  6.1901e-07  1.4861e-06  1.0927e-06  2.8347e-06  6.4817e-07  2.368e-06  1.16e-06  2.2081e-06  1.415e-06  1.4532e-05  9.9134e-08  6.8556e-07
9.326  0.021574  0.010322  2.2601e-05  1.2346e-05  4.6759e-05  0.00016638  4.1506e-05  0.00015972  2.7871e-06  2.3546e-05  4.84e-06  3.176e-05  4.9737e-06  2.2621e-05  7.5481e-07  3.855e-06  7.1684e-07  1.7217e-06  1.2657e-06  3.2855e-06  7.5099e-07  2.7454e-06  1.345e-06  2.5602e-06  1.6414e-06  1.6858e-05  1.15e-07  7.9525e-07
10.723  0.025044  0.011982  2.6195e-05  1.4306e-05  5.4253e-05  0.0001931  4.8164e-05  0.00018536  3.2315e-06  2.7327e-05  5.6169e-06  3.686e-05  5.7695e-06  2.6254e-05  8.7476e-07  4.4706e-06  8.3033e-07  1.9952e-06  1.4664e-06  3.8092e-06  8.7034e-07  3.1838e-06  1.56e-06  2.9694e-06  1.9049e-06  1.9563e-05  1.3345e-07  9.2282e-07
12.328  0.029084  0.013915  3.0368e-05  1.6581e-05  6.2969e-05  0.00022419  5.5912e-05  0.0002152  3.7481e-06  3.1728e-05  6.5209e-06  4.2795e-05  6.6949e-06  3.0482e-05  1.014e-06  5.1861e-06  9.6202e-07  2.3126e-06  1.6995e-06  4.4177e-06  1.0089e-06  3.6935e-06  1.8099e-06  3.4451e-06  2.2113e-06  2.271e-05  1.5491e-07  1.0712e-06
14.175  0.033793  0.016167  3.5215e-05  1.9222e-05  7.3107e-05  0.00026039  6.493e-05  0.00024994  4.3484e-06  3.685e-05  7.573e-06  4.9703e-05  7.7711e-06  3.5403e-05  1.1758e-06  6.0181e-06  1.1149e-06  2.6812e-06  1.9701e-06  5.1249e-06  1.1699e-06  4.2859e-06  2.1004e-06  3.9982e-06  2.5678e-06  2.6372e-05  1.7989e-07  1.2439e-06
16.298  0.039286  0.018788  4.0841e-05  2.2288e-05  8.4897e-05  0.00030253  7.5424e-05  0.00029037  5.046e-06  4.2811e-05  8.7973e-06  5.7744e-05  9.0227e-06  4.1131e-05  1.3637e-06  6.9855e-06  1.2922e-06  3.1091e-06  2.2842e-06  5.9469e-06  1.3568e-06  4.9744e-06  2.4381e-06  4.6411e-06  2.9825e-06  3.0632e-05  2.0893e-07  1.4448e-06
18.738  0.045699  0.02184  4.7369e-05  2.5845e-05  9.8602e-05  0.00035157  8.7633e-05  0.00033742  5.8564e-06  4.9747e-05  1.0221e-05  6.71e-05  1.0478e-05  4.7797e-05  1.5819e-06  8.11e-06  1.498e-06  3.6056e-06  2.6489e-06  6.9021e-06  1.5738e-06  5.7741e-06  2.8303e-06  5.388e-06  3.4645e-06  3.5584e-05  2.4269e-07  1.6784e-06
21.544  0.053192  0.025388  5.4936e-05  2.9968e-05  0.00011451  0.00040857  0.00010183  0.00039211  6.7971e-06  5.781e-05  1.1875e-05  7.7974e-05  1.2167e-05  5.5547e-05  1.8351e-06  9.4162e-06  1.7367e-06  4.1813e-06  3.0721e-06  8.0113e-06  1.8255e-06  6.7022e-06  3.2855e-06  6.2549e-06  4.024e-06  4.1336e-05  2.8189e-07  1.9498e-06
24.771  0.061955  0.029508  6.3691e-05  3.474e-05  0.00013295  0.00047475  0.0001183  0.0004556  7.8874e-06  6.7168e-05  1.3794e-05  9.0594e-05  1.4127e-05  6.4542e-05  2.1286e-06  1.0932e-05  2.0133e-06  4.8479e-06  3.5625e-06  9.2981e-06  2.1171e-06  7.7774e-06  3.8126e-06  7.2593e-06  4.6723e-06  4.8002e-05  3.2731e-07  2.2645e-06
28.48  0.072206  0.034279  7.3799e-05  4.0253e-05  0.00015427  0.00055138  0.00013738  0.00052913  9.1485e-06  7.8002e-05  1.6013e-05  0.0001052  1.6394e-05  7.496e-05  2.4682e-06  1.2687e-05  2.3332e-06  5.6182e-06  4.1302e-06  1.0788e-05  2.4543e-06  9.02e-06  4.4217e-06  8.4204e-06  5.4212e-06  5.5708e-05  3.7979e-07  2.6286e-06
32.745  0.084202  0.039786  8.543e-05  4.6603e-05  0.00017882  0.00063984  0.0001594  0.00061399  1.0603e-05  9.0503e-05  1.8571e-05  0.00012206  1.9009e-05  8.6984e-05  2.8603e-06  1.4714e-05  2.7026e-06  6.5057e-06  4.7857e-06  1.2509e-05  2.8431e-06  1.0451e-05  5.1228e-06  9.7579e-06  6.2829e-06  6.4583e-05  4.4019e-07  3.0481e-06
37.649  0.098232  0.046111  9.8757e-05  5.389e-05  0.00020695  0.00074147  0.00018471  0.0007115  1.2273e-05  0.00010486  2.1505e-05  0.00014142  2.2012e-05  0.0001008  3.3113e-06  1.7045e-05  3.1277e-06  7.5246e-06  5.5403e-06  1.449e-05  3.2899e-06  1.2093e-05  5.9261e-06  1.1292e-05  7.2693e-06  7.4752e-05  5.0936e-07  3.5294e-06
43.288  0.11463  0.053331  0.00011394  6.2209e-05  0.000239  0.00085755  0.00021364  0.00082289  1.4182e-05  0.00012125  2.4849e-05  0.00016352  2.5441e-05  0.00011658  3.8279e-06  1.9714e-05  3.6152e-06  8.6885e-06  6.4055e-06  1.6759e-05  3.8009e-06  1.3964e-05  6.841e-06  1.304e-05  8.3909e-06  8.6329e-05  5.8804e-07  4.078e-06
49.77  0.13375  0.061508  0.00013113  7.1649e-05  0.0002752  0.00098915  0.00024645  0.00094918  1.6348e-05  0.00013983  2.863e-05  0.00018856  2.9329e-05  0.00013447  4.4163e-06  2.275e-05  4.1715e-06  1.001e-05  7.3924e-06  1.9343e-05  4.3818e-06  1.6083e-05  7.8752e-06  1.502e-05  9.6555e-06  9.9402e-05  6.768e-07  4.6986e-06
57.224  0.15599  0.070679  0.00015043  8.228e-05  0.00031573  0.0011369  0.00028334  0.0010911  1.8787e-05  0.00016067  3.2865e-05  0.00021665  3.3699e-05  0.00015457  5.0817e-06  2.6177e-05  4.8021e-06  1.1499e-05  8.5107e-06  2.2264e-05  5.0372e-06  1.846e-05  9.0333e-06  1.724e-05  1.1067e-05  0.00011402  7.7595e-07  5.394e-06
65.793  0.18175  0.080845  0.00017188  9.4142e-05  0.00036056  0.0013011  0.00032436  0.0012486  2.1506e-05  0.00018381  3.7554e-05  0.00024783  3.8558e-05  0.00017688  5.8277e-06  3.0007e-05  5.5118e-06  1.3161e-05  9.7678e-06  2.5535e-05  5.7702e-06  2.1099e-05  1.0316e-05  1.9703e-05  1.2624e-05  0.00013017  8.8537e-07  6.1641e-06
75.646  0.2114  0.091955  0.00019543  0.00010723  0.00040947  0.0014809  0.00036937  0.0014214  2.4502e-05  0.00020914  4.2672e-05  0.00028195  4.3893e-05  0.00020134  6.6555e-06  3.4238e-05  6.3029e-06  1.4997e-05  1.1167e-05  2.916e-05  6.581e-06  2.3992e-05  1.1718e-05  2.2401e-05  1.4316e-05  0.00014778  1.0044e-06  7.0057e-06
86.975  0.24529  0.1039  0.00022096  0.0001215  0.00046199  0.0016748  0.00041801  0.0016078  2.7757e-05  0.00023643  4.8169e-05  0.0003187  4.9664e-05  0.00022772  7.5627e-06  3.8849e-05  7.1751e-06  1.6999e-05  1.2707e-05  3.3123e-05  7.4665e-06  2.7117e-05  1.3227e-05  2.5312e-05  1.6124e-05  0.00016664  1.1318e-06  7.9108e-06
100  0.28363  0.11648  0.00024817  0.00013681  0.0005173  0.0018801  0.0004696  0.0018052  3.1236e-05  0.0002653  5.3963e-05  0.00035756  5.5797e-05  0.00025564  8.5426e-06  4.3795e-05  8.1241e-06  1.9147e-05  1.4378e-05  3.7391e-05  8.4192e-06  3.0434e-05  1.4821e-05  2.8398e-05  1.802e-05  0.00018648  1.2656e-06  8.8662e-06
114.98  0.32648  0.12944  0.00027664  0.00015296  0.00057426  0.0020927  0.00052318  0.0020099  3.4884e-05  0.00029517  5.9935e-05  0.00039775  6.2183e-05  0.00028458  9.5828e-06  4.9e-05  9.1406e-06  2.1414e-05  1.6161e-05  4.1905e-05  9.4261e-06  3.3886e-05  1.647e-05  3.1601e-05  1.9962e-05  0.00020688  1.4028e-06  9.8531e-06
132.19  0.37368  0.14242  0.00030579  0.00016964  0.0006314  0.0023074  0.00057741  0.0022168  3.8623e-05  0.00032529  6.5931e-05  0.00043827  6.8674e-05  0.0003138  1.0665e-05  5.4358e-05  1.0209e-05  2.3754e-05  1.8027e-05  4.6579e-05  1.0468e-05  3.7392e-05  1.8132e-05  3.4845e-05  2.1898e-05  0.0002273  1.5399e-06  1.0847e-05
151.99  0.42476  0.15501  0.00033487  0.00018646  0.00068688  0.0025175  0.00063066  0.0024197  4.2356e-05  0.00035474  7.1765e-05  0.00047786  7.5081e-05  0.00034242  1.1764e-05  5.9731e-05  1.1309e-05  2.6112e-05  1.9935e-05  5.1297e-05  1.1521e-05  4.0856e-05  1.9758e-05  3.8034e-05  2.3766e-05  0.00024712  1.6726e-06  1.1817e-05
174.75  0.47887  0.1667  0.00036298  0.00020292  0.00073864  0.0027156  0.00068102  0.0026113  4.5961e-05  0.00038247  7.7226e-05  0.00051511  8.1185e-05  0.00036942  1.2847e-05  6.4948e-05  1.241e-05  2.8415e-05  2.1831e-05  5.5918e-05  1.2552e-05  4.416e-05  2.1288e-05  4.1059e-05  2.5498e-05  0.0002656  1.796e-06  1.2731e-05
200.92  0.53477  0.177  0.00038911  0.00021845  0.00078445  0.0028935  0.0007264  0.002784  4.9303e-05  0.00040733  8.2086e-05  0.00054848  8.6743e-05  0.0003937  1.3877e-05  6.9819e-05  1.3476e-05  3.0581e-05  2.3648e-05  6.0273e-05  1.3525e-05  4.7178e-05  2.2659e-05  4.3795e-05  2.702e-05  0.00028199  1.905e-06  1.355e-05
231.01  0.59081  0.18538  0.00041216  0.00023241  0.00082205  0.0030429  0.00076464  0.0029297  5.2237e-05  0.00042817  8.6118e-05  0.00057641  9.1502e-05  0.00041412  1.481e-05  7.4134e-05  1.4466e-05  3.2518e-05  2.5313e-05  6.4181e-05  1.4399e-05  4.9775e-05  2.3805e-05  4.6117e-05  2.826e-05  0.00029552  1.9944e-06  1.4238e-05
265.61  0.64496  0.19137  0.00043104  0.00024415  0.00084933  0.003156  0.00079369  0.003041  5.4615e-05  0.0004439  8.9111e-05  0.00059743  9.5213e-05  0.00042962  1.5602e-05  7.7682e-05  1.5335e-05  3.4133e-05  2.6743e-05  6.7452e-05  1.5132e-05  5.1821e-05  2.4663e-05  4.7902e-05  2.9152e-05  0.00030548  2.0597e-06  1.476e-05
305.39  0.69489  0.19457  0.00044473  0.00025305  0.00086451  0.0032261  0.00081175  0.0031113  5.6302e-05  0.00045358  9.0884e-05  0.0006103  9.7657e-05  0.00043928  1.6209e-05  8.0267e-05  1.6035e-05  3.5335e-05  2.7856e-05  6.9904e-05  1.5683e-05  5.3199e-05  2.5179e-05  4.9039e-05  2.964e-05  0.00031127  2.0968e-06  1.5086e-05
351.12  0.73815  0.1947  0.00045236  0.00025854  0.00086628  0.0032481  0.00081747  0.0031356  5.7184e-05  0.00045651  9.1309e-05  0.00061409  9.8658e-05  0.00044243  1.659e-05  8.1721e-05  1.6521e-05  3.6043e-05  2.8576e-05  7.1377e-05  1.6016e-05  5.3815e-05  2.531e-05  4.9445e-05  2.9689e-05  0.00031248  2.1029e-06  1.5194e-05
403.7  0.77233  0.19166  0.0004533  0.00026019  0.00085401  0.0032193  0.00081006  0.0031114  5.718e-05  0.00045233  9.0318e-05  0.0006083  9.8108e-05  0.00043866  1.6715e-05  8.1922e-05  1.6755e-05  3.6196e-05  2.8843e-05  7.175e-05  1.6102e-05  5.3608e-05  2.5034e-05  4.9067e-05  2.9279e-05  0.00030888  2.0769e-06  1.507e-05
464.16  0.79528  0.18547  0.00044722  0.00025773  0.0008278  0.0031395  0.00078942  0.003038  5.6252e-05  0.000441  8.7914e-05  0.0005929  9.5973e-05  0.00042796  1.6562e-05  8.0809e-05  1.6711e-05  3.5759e-05  2.8614e-05  7.0954e-05  1.5925e-05  5.2556e-05  2.4346e-05  4.7893e-05  2.8418e-05  0.00030051  2.0188e-06  1.4715e-05
533.67  0.80533  0.17638  0.00043416  0.00025112  0.00078852  0.0030112  0.00075618  0.002918  5.4412e-05  0.00042288  8.4179e-05  0.00056839  9.2309e-05  0.00041066  1.6128e-05  7.8389e-05  1.6376e-05  3.4729e-05  2.7876e-05  6.8982e-05  1.5483e-05  5.0685e-05  2.3269e-05  4.5955e-05  2.7135e-05  0.00028763  1.9308e-06  1.4139e-05
613.59  0.80147  0.16476  0.00041452  0.00024054  0.00073778  0.0028395  0.00071166  0.0027559  5.1724e-05  0.00039871  7.926e-05  0.00053575  8.7254e-05  0.00038743  1.5424e-05  7.4743e-05  1.5754e-05  3.3136e-05  2.6648e-05  6.5893e-05  1.4788e-05  4.8062e-05  2.1844e-05  4.3327e-05  2.548e-05  0.00027077  1.8163e-06  1.3365e-05
705.48  0.78351  0.15113  0.00038909  0.00022639  0.00067782  0.0026318  0.00065783  0.0025586  4.8298e-05  0.00036951  7.3367e-05  0.00049637  8.1023e-05  0.00035929  1.4478e-05  7.0021e-05  1.4868e-05  3.1044e-05  2.4978e-05  6.1814e-05  1.3869e-05  4.4794e-05  2.0133e-05  4.0122e-05  2.3525e-05  0.00025064  1.68e-06  1.2424e-05
811.13  0.75207  0.13609  0.00035894  0.00020929  0.00061129  0.0023971  0.00059707  0.0023348  4.4287e-05  0.00033656  6.6753e-05  0.00045196  7.3892e-05  0.00032745  1.3333e-05  6.4432e-05  1.3759e-05  2.8547e-05  2.2945e-05  5.6926e-05  1.2766e-05  4.1024e-05  1.8214e-05  3.6482e-05  2.1352e-05  0.00022809  1.5279e-06  1.1357e-05
932.6  0.70863  0.12031  0.00032537  0.00018999  0.00054108  0.0021455  0.00053206  0.0020939  3.987e-05  0.00030124  5.9694e-05  0.0004044  6.6172e-05  0.00029326  1.2043e-05  5.8223e-05  1.248e-05  2.5758e-05  2.0647e-05  5.1453e-05  1.153e-05  3.6913e-05  1.617e-05  3.2566e-05  1.9049e-05  0.00020405  1.366e-06  1.0208e-05
1072.3  0.6553  0.1044  0.0002898  0.00016935  0.00047003  0.0018868  0.00046546  0.0018455  3.5236e-05  0.00026497  5.2465e-05  0.00035558  5.8188e-05  0.00025809  1.0667e-05  5.1663e-05  1.1091e-05  2.2802e-05  1.8195e-05  4.5637e-05  1.0216e-05  3.263e-05  1.4087e-05  2.8536e-05  1.6706e-05  0.00017945  1.2006e-06  9.0221e-06
1232.8  0.5947  0.088937  0.00025363  0.00014822  0.00040077  0.0016307  0.0003998  0.0015988  3.0571e-05  0.00022905  4.5327e-05  0.00030728  5.0246e-05  0.00022322  9.264e-06  4.5017e-05  9.6582e-06  1.9805e-05  1.5702e-05  3.9724e-05  8.8804e-06  2.834e-05  1.2043e-05  2.4548e-05  1.4404e-05  0.00015516  1.0376e-06  7.8416e-06
1417.5  0.52969  0.074397  0.00021816  0.0001274  0.00033547  0.0013853  0.00033723  0.0013617  2.6044e-05  0.00019464  3.85e-05  0.00026102  4.2614e-05  0.00018979  7.8906e-06  3.8528e-05  8.2413e-06  1.6879e-05  1.3272e-05  3.3938e-05  7.5746e-06  2.4189e-05  1.0105e-05  2.0736e-05  1.2211e-05  0.00013193  8.8189e-07  6.7039e-06
1629.8  0.4631  0.06113  0.00018448  0.00010758  0.00027576  0.0011572  0.00027943  0.0011405  2.1794e-05  0.00016264  3.2163e-05  0.00021804  3.5508e-05  0.00015867  6.5935e-06  3.2396e-05  6.8932e-06  1.412e-05  1.0991e-05  2.8468e-05  6.3415e-06  2.0296e-05  8.3254e-06  1.7205e-05  1.0183e-05  0.00011035  7.3738e-07  5.6392e-06
1873.8  0.39755  0.049359  0.00015343  8.928e-05  0.00022271  0.00095083  0.00022754  0.0009398  1.792e-05  0.0001337  2.6436e-05  0.00017916  2.9082e-05  0.0001305  5.4075e-06  2.6774e-05  5.6541e-06  1.16e-05  8.9206e-06  2.3455e-05  5.2134e-06  1.6748e-05  6.7375e-06  1.4027e-05  8.3564e-06  9.0834e-05  6.0677e-07  4.6692e-06
2154.4  0.33522  0.039185  0.00012558  7.2862e-05  0.0001768  0.00076889  0.00018219  0.00076228  1.4488e-05  0.00010817  2.1391e-05  0.00014491  2.3424e-05  0.00010563  4.3551e-06  2.1761e-05  4.5509e-06  9.3642e-06  7.1013e-06  1.8991e-05  4.2113e-06  1.3599e-05  5.3591e-06  1.1245e-05  6.752e-06  7.3622e-05  4.9168e-07  3.8075e-06
2477.1  0.27779  0.030605  0.00010122  5.8517e-05  0.00013807  0.00061232  0.00014353  0.00060898  1.1524e-05  8.6198e-05  1.705e-05  0.00011542  1.8567e-05  8.4205e-05  3.4471e-06  1.7405e-05  3.5971e-06  7.4328e-06  5.5485e-06  1.5123e-05  3.3446e-06  1.0872e-05  4.1925e-06  8.8691e-06  5.3747e-06  5.8791e-05  3.9257e-07  3.0595e-06
2848  0.22636  0.023535  8.0396e-05  4.6281e-05  0.00010615  0.00048054  0.00011135  0.00047952  9.0252e-06  6.7694e-05  1.3395e-05  9.0606e-05  1.4493e-05  6.6154e-05  2.6835e-06  1.371e-05  2.7943e-06  5.8061e-06  4.2588e-06  1.1853e-05  2.6139e-06  8.5644e-06  3.2282e-06  6.8878e-06  4.2179e-06  4.6286e-05  3.0904e-07  2.4244e-06
3274.5  0.1815  0.017833  6.2982e-05  3.6079e-05  8.0403e-05  0.00037191  8.5114e-05  0.00037241  6.9651e-06  5.243e-05  1.0381e-05  7.0148e-05  1.1151e-05  5.1256e-05  2.0565e-06  1.0643e-05  2.1356e-06  4.4673e-06  3.2144e-06  9.1503e-06  2.012e-06  6.6529e-06  2.4489e-06  5.2713e-06  3.2658e-06  3.5952e-05  2.4004e-07  1.8959e-06
3764.9  0.1433  0.013325  4.8704e-05  2.7749e-05  6.0055e-05  0.00028408  6.4168e-05  0.0002855  5.3018e-06  4.0081e-05  7.9425e-06  5.3606e-05  8.4632e-06  3.9198e-05  1.553e-06  8.15e-06  1.6074e-06  3.3887e-06  2.3882e-06  6.9646e-06  1.5268e-06  5.1006e-06  1.8317e-06  3.9789e-06  2.4966e-06  2.7575e-05  1.8412e-07  1.464e-06
4328.8  0.1115  0.0098275  3.7211e-05  2.1073e-05  4.4274e-05  0.00021436  4.7756e-05  0.00021623  3.9841e-06  3.0269e-05  6.0039e-06  4.0468e-05  6.3416e-06  2.9612e-05  1.1568e-06  6.162e-06  1.1927e-06  2.5369e-06  1.7485e-06  5.2314e-06  1.1433e-06  3.8629e-06  1.3522e-06  2.9649e-06  1.886e-06  2.0901e-05  1.3956e-07  1.1174e-06
4977  0.085569  0.0071605  2.8114e-05  1.5819e-05  3.2247e-05  0.0001599  3.5115e-05  0.00016192  2.9582e-06  2.2602e-05  4.488e-06  3.0204e-05  4.6961e-06  2.2117e-05  8.5083e-07  4.6039e-06  8.7337e-07  1.876e-06  1.2629e-06  3.8815e-06  8.4557e-07  2.8923e-06  9.8611e-07  2.1832e-06  1.4092e-06  1.5668e-05  1.0464e-07  8.4364e-07
5722.4  0.06483  0.0051589  2.1023e-05  1.1748e-05  2.3225e-05  0.00011802  2.5534e-05  0.00011999  2.1726e-06  1.67e-05  3.3202e-06  2.2307e-05  3.4397e-06  1.6346e-05  6.1848e-07  3.4023e-06  6.3189e-07  1.3718e-06  9.008e-07  2.8475e-06  6.183e-07  2.143e-06  7.1109e-07  1.5898e-06  1.0422e-06  1.1627e-05  7.7659e-08  6.3051e-07
6579.3  0.048532  0.0036786  1.5573e-05  8.6394e-06  1.6556e-05  8.6274e-05  1.8379e-05  8.8069e-05  1.5794e-06  1.222e-05  2.433e-06  1.6317e-05  2.4942e-06  1.1964e-05  4.4478e-07  2.4893e-06  4.5215e-07  9.9279e-07  6.3526e-07  2.0674e-06  4.475e-07  1.5726e-06  5.0751e-07  1.1461e-06  7.6353e-07  8.547e-06  5.7105e-08  4.6691e-07
7564.6  0.035929  0.0025984  1.1438e-05  6.2968e-06  1.1691e-05  6.2506e-05  1.3105e-05  6.4072e-05  1.1378e-06  8.8635e-06  1.7674e-06  1.183e-05  1.7923e-06  8.6795e-06  3.1677e-07  1.8047e-06  3.2027e-07  7.1186e-07  4.4334e-07  1.4869e-06  3.2083e-07  1.144e-06  3.5884e-07  8.1873e-07  5.5462e-07  6.2296e-06  4.1634e-08  3.4284e-07
8697.5  0.026326  0.0018196  8.3356e-06  4.5525e-06  8.1867e-06  4.4918e-05  9.2653e-06  4.624e-05  8.1285e-07  6.3771e-06  1.2737e-06  8.5082e-06  1.2771e-06  6.2458e-06  2.2363e-07  1.2975e-06  2.2482e-07  5.061e-07  3.0652e-07  1.0602e-06  2.2803e-07  8.2553e-07  2.5157e-07  5.7995e-07  3.9973e-07  4.505e-06  3.0121e-08  2.4979e-07
10000  0.01911  0.0012643  6.0323e-06  3.2677e-06  5.688e-06  3.2043e-05  6.5004e-06  3.3129e-05  5.763e-07  4.5548e-06  9.1139e-07  6.0743e-06  9.0321e-07  4.4618e-06  1.5661e-07  9.258e-07  1.5653e-07  3.5707e-07  2.1014e-07  7.5012e-07  1.6085e-07  5.9145e-07  1.7501e-07  4.0772e-07  2.8608e-07  3.2351e-06  2.1638e-08  1.8074e-07
11498  0.013755  0.00087233  4.338e-06  2.3299e-06  3.9247e-06  2.2709e-05  4.5291e-06  2.3582e-05  4.0585e-07  3.232e-06  6.4789e-07  4.3083e-06  6.3449e-07  3.1665e-06  1.089e-07  6.5618e-07  1.0818e-07  2.5022e-07  1.4297e-07  5.2707e-07  1.1267e-07  4.21e-07  1.2091e-07  2.8469e-07  2.0345e-07  2.3084e-06  1.5447e-08  1.2995e-07
13219  0.0098235  0.00059806  3.1022e-06  1.6519e-06  2.6914e-06  1.5997e-05  3.1359e-06  1.6686e-05  2.8406e-07  2.2797e-06  4.5793e-07  3.0376e-06  4.4296e-07  2.2338e-06  7.5236e-08  4.6224e-07  7.4285e-08  1.7426e-07  9.661e-08  3.6802e-07  7.8433e-08  2.9795e-07  8.3019e-08  1.9758e-07  1.4385e-07  1.6377e-06  1.0964e-08  9.2915e-08
15199  0.006967  0.00040769  2.2072e-06  1.1649e-06  1.8351e-06  1.1209e-05  2.1591e-06  1.1744e-05  1.9775e-07  1.5996e-06  3.2197e-07  2.1305e-06  3.0761e-07  1.5675e-06  5.1687e-08  3.2385e-07  5.071e-08  1.207e-07  6.4889e-08  2.5552e-07  5.4302e-08  2.0976e-07  5.6685e-08  1.3638e-07  1.012e-07  1.156e-06  7.7429e-09  6.6093e-08
17475  0.0049098  0.00027653  1.5635e-06  8.1771e-07  1.2452e-06  7.8169e-06  1.4792e-06  8.2277e-06  1.3701e-07  1.117e-06  2.2532e-07  1.487e-06  2.1256e-07  1.0947e-06  3.5327e-08  2.258e-07  3.4437e-08  8.3197e-08  4.3351e-08  1.7654e-07  3.7409e-08  1.4699e-07  3.8513e-08  9.3676e-08  7.0861e-08  8.1224e-07  5.4441e-09  4.6803e-08
20092  0.0034406  0.00018671  1.1031e-06  5.7167e-07  8.4118e-07  5.4281e-06  1.0089e-06  5.7397e-06  9.4512e-08  7.7675e-07  1.5703e-07  1.0337e-06  1.4625e-07  7.6129e-07  2.4038e-08  1.5676e-07  2.3279e-08  5.7099e-08  2.8823e-08  1.2143e-07  2.566e-08  1.0258e-07  2.6052e-08  6.4072e-08  4.9418e-08  5.6839e-07  3.8116e-09  3.3008e-08
23101  0.0023989  0.00012557  7.7554e-07  3.9818e-07  5.6603e-07  3.7551e-06  6.8546e-07  3.9892e-06  6.4949e-08  5.3813e-07  1.0905e-07  7.158e-07  1.0025e-07  5.2745e-07  1.629e-08  1.0841e-07  1.5673e-08  3.9038e-08  1.9084e-08  8.3201e-08  1.7531e-08  7.1337e-08  1.7554e-08  4.3653e-08  3.4343e-08  3.963e-07  2.6596e-09  2.3199e-08
26561  0.001665  8.4149e-05  5.4353e-07  2.7649e-07  3.7953e-07  2.5892e-06  4.6409e-07  2.7635e-06  4.4485e-08  3.7157e-07  7.547e-08  4.9404e-07  6.8478e-08  3.6423e-07  1.1001e-08  7.4728e-08  1.0514e-08  2.6602e-08  1.2588e-08  5.681e-08  1.1938e-08  4.9439e-08  1.1788e-08  2.9641e-08  2.3788e-08  2.7546e-07  1.8495e-09  1.6252e-08
30539  0.0011511  5.6212e-05  3.7993e-07  1.9143e-07  2.5374e-07  1.7799e-06  3.1322e-07  1.9086e-06  3.0378e-08  2.5581e-07  5.2083e-08  3.4e-07  4.6639e-08  2.5076e-07  7.4063e-09  5.1352e-08  7.0309e-09  1.8073e-08  8.2765e-09  3.867e-08  8.1048e-09  3.4171e-08  7.8922e-09  2.0067e-08  1.6431e-08  1.909e-07  1.2827e-09  1.1353e-08
35112  0.00079297  3.7448e-05  2.6491e-07  1.322e-07  1.6917e-07  1.2205e-06  2.1084e-07  1.3149e-06  2.069e-08  1.7567e-07  3.5855e-08  2.3338e-07  3.1682e-08  1.722e-07  4.9728e-09  3.5198e-08  4.6888e-09  1.2247e-08  5.4256e-09  2.6253e-08  5.488e-09  2.3557e-08  5.2694e-09  1.355e-08  1.1322e-08  1.3199e-07  8.8743e-10  7.9114e-09
40370  0.00054456  2.4887e-05  1.8434e-07  9.1109e-08  1.1252e-07  8.349e-07  1.4158e-07  9.0382e-07  1.406e-08  1.2035e-07  2.4627e-08  1.5982e-07  2.1471e-08  1.1798e-07  3.3307e-09  2.4069e-08  3.1193e-09  8.28e-09  3.5481e-09  1.778e-08  3.7072e-09  1.6205e-08  3.5102e-09  9.128e-09  7.7839e-09  9.1046e-08  6.1259e-10  5.5015e-09
46416  0.00037291  1.6504e-05  1.2802e-07  6.2663e-08  7.4692e-08  5.7003e-07  9.4874e-08  6.2003e-07  9.535e-09  8.23e-08  1.6882e-08  1.0924e-07  1.4522e-08  8.0676e-08  2.226e-09  1.6426e-08  2.0706e-09  5.5865e-09  2.3148e-09  1.2017e-08  2.4994e-09  1.1126e-08  2.3335e-09  6.1372e-09  5.3414e-09  6.2696e-08  4.221e-10  3.8179e-09
53367  0.00025478  1.0924e-05  8.8773e-08  4.3031e-08  4.9481e-08  3.8848e-07  6.3457e-08  4.2459e-07  6.4549e-09  5.6174e-08  1.1553e-08  7.4534e-08  9.8044e-09  5.5066e-08  1.4852e-09  1.119e-08  1.372e-09  3.7626e-09  1.5076e-09  8.1072e-09  1.6818e-09  7.6255e-09  1.5483e-09  4.1185e-09  3.6589e-09  4.3087e-08  2.9033e-10  2.6456e-09
61359  0.00017367  7.2187e-06  6.1465e-08  2.9502e-08  3.2733e-08  2.6435e-07  4.2376e-08  2.9031e-07  4.3628e-09  3.8284e-08  7.8941e-09  5.0774e-08  6.6083e-09  3.7529e-08  9.8918e-10  7.6109e-09  9.0755e-10  2.5304e-09  9.7995e-10  5.4608e-09  1.1301e-09  5.2189e-09  1.0258e-09  2.7598e-09  2.503e-09  2.9577e-08  1.9943e-10  1.8303e-09
70548  0.00011817  4.7633e-06  4.2506e-08  2.0203e-08  2.1622e-08  1.7963e-07  2.8258e-08  1.9823e-07  2.945e-09  2.6055e-08  5.3866e-09  3.454e-08  4.4486e-09  2.5541e-08  6.5796e-10  5.1695e-09  5.9952e-10  1.6993e-09  6.3613e-10  3.673e-09  7.5825e-10  3.567e-09  6.7866e-10  1.8466e-09  1.7099e-09  2.0271e-08  1.3678e-10  1.2647e-09
81113  8.0266e-05  3.1391e-06  2.9363e-08  1.3818e-08  1.4265e-08  1.2192e-07  1.882e-08  1.352e-07  1.9855e-09  1.7713e-08  3.6717e-09  2.3472e-08  2.9909e-09  1.7363e-08  4.3707e-10  3.5071e-09  3.9553e-10  1.1399e-09  4.1237e-10  2.4675e-09  5.0818e-10  2.4352e-09  4.4845e-10  1.2342e-09  1.1668e-09  1.388e-08  9.373e-11  8.7289e-10
93260  5.4447e-05  2.0665e-06  2.0264e-08  9.4425e-09  9.401e-09  8.2667e-08  1.2521e-08  9.2112e-08  1.3372e-09  1.2029e-08  2.5e-09  1.5933e-08  2.009e-09  1.1791e-08  2.9005e-10  2.3768e-09  2.6065e-10  7.6382e-10  2.6704e-10  1.6559e-09  3.402e-10  1.6609e-09  2.9601e-10  8.2403e-10  7.9538e-10  9.4933e-09  6.4158e-11  6.0185e-10
107230  3.6883e-05  1.3591e-06  1.3974e-08  6.4468e-09  6.1896e-09  5.6e-08  8.3223e-09  6.2701e-08  8.9987e-10  8.1609e-09  1.7008e-09  1.0805e-08  1.348e-09  7.9996e-09  1.9229e-10  1.6093e-09  1.7161e-10  5.1138e-10  1.7273e-10  1.1102e-09  2.2756e-10  1.1317e-09  1.9522e-10  5.4963e-10  5.4172e-10  6.4877e-09  4.3878e-11  4.1465e-10
123280  2.4958e-05  8.9308e-07  9.628e-09  4.3982e-09  4.0723e-09  3.7906e-08  5.5272e-09  4.2649e-08  6.05e-10  5.5328e-09  1.1561e-09  7.3224e-09  9.0385e-10  5.4234e-09  1.2737e-10  1.0889e-09  1.1289e-10  3.421e-10  1.1165e-10  7.438e-10  1.5208e-10  7.7062e-10  1.2863e-10  3.6635e-10  3.687e-10  4.4303e-09  2.9986e-11  2.8542e-10
141750  1.6872e-05  5.8638e-07  6.6308e-09  2.9985e-09  2.6771e-09  2.5638e-08  3.6678e-09  2.8987e-08  4.0653e-10  3.7483e-09  7.8545e-10  4.9587e-09  6.0561e-10  3.6739e-09  8.4316e-11  7.3613e-10  7.4212e-11  2.2869e-10  7.2106e-11  4.979e-10  1.0157e-10  5.2441e-10  8.47e-11  2.44e-10  2.5076e-10  3.0234e-09  2.048e-11  1.9638e-10
162980  1.1396e-05  3.8481e-07  4.5631e-09  2.0432e-09  1.7588e-09  1.7332e-08  2.4327e-09  1.9692e-08  2.7296e-10  2.5379e-09  5.332e-10  3.356e-09  4.055e-10  2.4876e-09  5.5776e-11  4.9741e-10  4.875e-11  1.5279e-10  4.6538e-11  3.3313e-10  6.7793e-11  3.566e-10  5.5739e-11  1.6241e-10  1.7045e-10  2.062e-09  1.3978e-11  1.35e-10
187380  7.6922e-06  2.5237e-07  3.1394e-09  1.3915e-09  1.155e-09  1.171e-08  1.6125e-09  1.337e-08  1.8321e-10  1.7176e-09  3.6185e-10  2.2703e-09  2.7141e-10  1.6833e-09  3.688e-11  3.3591e-10  3.2009e-11  1.0203e-10  3.002e-11  2.2274e-10  4.5228e-11  2.4242e-10  3.6662e-11  1.0806e-10  1.1581e-10  1.4057e-09  9.5372e-12  9.2784e-11
215440  5.188e-06  1.6543e-07  2.1584e-09  9.4728e-10  7.58e-10  7.9079e-09  1.0683e-09  9.0726e-09  1.2289e-10  1.1616e-09  2.454e-10  1.5348e-09  1.8154e-10  1.1385e-09  2.4368e-11  2.2673e-10  2.1005e-11  6.8096e-11  1.9353e-11  1.4887e-10  3.0155e-11  1.6468e-10  2.4099e-11  7.185e-11  7.864e-11  9.5773e-10  6.5026e-12  6.3725e-11
247710  3.4983e-06  1.084e-07  1.4838e-09  6.4467e-10  4.9739e-10  5.3389e-09  7.0758e-10  6.1554e-09  8.2423e-11  7.8559e-10  1.6642e-10  1.0375e-09  1.2141e-10  7.6988e-10  1.6101e-11  1.53e-10  1.3781e-11  4.5439e-11  1.2474e-11  9.9465e-11  2.0104e-11  1.1187e-10  1.5839e-11  4.7769e-11  5.3395e-11  6.5249e-10  4.4338e-12  4.3768e-11
284800  2.3563e-06  7.0988e-08  1.0194e-09  4.3847e-10  3.2611e-10  3.6018e-09  4.6832e-10  4.1729e-09  5.5232e-11  5.308e-10  1.1275e-10  7.0071e-10  8.1134e-11  5.202e-10  1.0629e-11  1.0317e-10  9.0341e-12  3.03e-11  8.0333e-12  6.6409e-11  1.3391e-11  7.5929e-11  1.0403e-11  3.1732e-11  3.6224e-11  4.4411e-10  3.0203e-12  3.0031e-11
327450  1.5878e-06  4.6499e-08  7.0054e-10  2.9831e-10  2.1389e-10  2.4309e-09  3.1006e-10  2.8302e-09  3.7031e-11  3.5884e-10  7.6439e-11  4.7351e-10  5.424e-11  3.5164e-10  7.0192e-12  6.96e-11  5.925e-12  2.021e-11  5.1751e-12  4.4355e-11  8.9238e-12  5.1558e-11  6.8337e-12  2.1088e-11  2.4586e-11  3.0248e-10  2.0586e-12  2.062e-11
376490  1.0682e-06  3.0422e-08  4.8081e-10  2.027e-10  1.4012e-10  1.6385e-09  2.0503e-10  1.9169e-09  2.4793e-11  2.4225e-10  5.1744e-11  3.1952e-10  3.6216e-11  2.3738e-10  4.6299e-12  4.6889e-11  3.8808e-12  1.3465e-11  3.3301e-12  2.9587e-11  5.9388e-12  3.4967e-11  4.4845e-12  1.3997e-11  1.6666e-11  2.057e-10  1.4012e-12  1.4136e-11
432880  7.1979e-07  1.9924e-08  3.3046e-10  1.3791e-10  9.1889e-11  1.1058e-09  1.3573e-10  1.3001e-09  1.6621e-11  1.6375e-10  3.5075e-11  2.159e-10  2.4208e-11  1.6046e-10  3.0571e-12  3.1629e-11  2.5446e-12  8.9803e-12  2.1448e-12  1.976e-11  3.9573e-12  2.3742e-11  2.9455e-12  9.3006e-12  1.1311e-11  1.4009e-10  9.5496e-13  9.7054e-12
497700  4.8349e-07  1.3021e-08  2.2656e-10  9.3604e-11  6.0133e-11  7.4444e-10  8.9653e-11  8.7954e-10  1.1116e-11  1.1042e-10  2.3718e-11  1.4552e-10  1.6146e-11  1.082e-10  2.0143e-12  2.1284e-11  1.665e-12  5.9763e-12  1.3788e-12  1.3166e-11  2.6307e-12  1.6083e-11  1.9308e-12  6.1664e-12  7.6583e-12  9.516e-11  6.4925e-13  6.6463e-12
572240  3.2604e-07  8.5335e-09  1.5583e-10  6.3736e-11  3.9459e-11  5.028e-10  5.9392e-11  5.9698e-10  7.4569e-12  7.4699e-11  1.6088e-11  9.8403e-11  1.08e-11  7.3191e-11  1.3308e-12  1.4368e-11  1.0923e-12  3.9889e-12  8.8845e-13  8.7991e-12  1.7541e-12  1.0929e-11  1.2691e-12  4.1002e-12  5.2017e-12  6.4857e-11  4.4283e-13  4.5664e-12
657930  2.1846e-07  5.5662e-09  1.0663e-10  4.3173e-11  2.5773e-11  3.3783e-10  3.9153e-11  4.0307e-10  4.978e-12  5.0272e-11  1.0859e-11  6.6198e-11  7.1893e-12  4.9254e-11  8.7521e-13  9.6495e-12  7.1341e-13  2.6494e-12  5.7008e-13  5.8513e-12  1.1639e-12  7.3884e-12  8.3028e-13  2.7133e-12  3.515e-12  4.3971e-11  3.0048e-13  3.1211e-12
756460  1.4774e-07  3.6558e-09  7.3501e-11  2.9462e-11  1.6948e-11  2.2868e-10  2.5994e-11  2.7419e-10  3.3466e-12  3.4084e-11  7.382e-12  4.4862e-11  4.8196e-12  3.3393e-11  5.7953e-13  6.5287e-12  4.6905e-13  1.7722e-12  3.6815e-13  3.9193e-12  7.7776e-13  5.0318e-12  5.4693e-13  1.808e-12  2.3928e-12  3.0034e-11  2.054e-13  2.1492e-12
869750  9.8463e-08  2.3749e-09  5.01e-11  1.988e-11  1.1026e-11  1.5304e-10  1.7067e-11  1.8439e-10  2.2251e-12  2.2847e-11  4.9623e-12  3.0059e-11  3.1953e-12  2.2382e-11  3.7957e-13  4.3671e-12  3.0509e-13  1.1725e-12  2.3525e-13  2.5958e-12  5.1402e-13  3.3885e-12  3.564e-13  1.1917e-12  1.6106e-12  2.0283e-11  1.3883e-13  1.4632e-12
1e+06  6.7063e-08  1.5684e-09  3.4707e-11  1.3635e-11  7.2899e-12  1.0414e-10  1.1393e-11  1.2609e-10  1.5039e-12  1.5572e-11  3.3913e-12  2.0478e-11  2.1536e-12  1.5255e-11  2.5271e-13  2.9703e-12  2.017e-13  7.8836e-13  1.5278e-13  1.748e-12  3.453e-13  2.3196e-12  2.3602e-13  7.9836e-13  1.102e-12  1.3925e-11  9.5386e-14  1.0127e-12
